MCCP01v2_0001,451,0,451
MCCP01v2_0002,376,451,827
MCCP01v2_0003,178,827,1005
MCCP01v2_0004,267,1005,1272
MCCP01v2_0005,223,1272,1495
MCCP01v2_0006,87,1495,1582
MCCP01v2_0007,148,1582,1730
MCCP01v2_0008,670,1730,2400
MCCP01v2_0009,197,2400,2597
MCCP01v2_0010,214,2597,2811
MCCP01v2_0011,248,2811,3059
MCCP01v2_0012,241,3059,3300
MCCP01v2_0013,274,3300,3574
MCCP01v2_0014,402,3574,3976
MCCP01v2_0015,50,3976,4026
MCCP01v2_0016,236,4026,4262
MCCP01v2_0017,648,4262,4910
MCCP01v2_0018,350,4910,5260
MCCP01v2_0019,1799,5260,7059
MCCP01v2_0020,1052,7059,8111
MCCP01v2_0021,1051,8111,9162
MCCP01v2_0022,289,9162,9451
MCCP01v2_0023,346,9451,9797
MCCP01v2_0024,200,9797,9997
MCCP01v2_0025,71,9997,10068
MCCP01v2_0026,69,10068,10137
MCCP01v2_0027,138,10137,10275
MCCP01v2_0028,147,10275,10422
MCCP01v2_0029,76,10422,10498
MCCP01v2_0030,463,10498,10961
MCCP01v2_0031,430,10961,11391
MCCP01v2_0032,83,11391,11474
MCCP01v2_0033,253,11474,11727
MCCP01v2_0034,139,11727,11866
MCCP01v2_0035,266,11866,12132
MCCP01v2_0036,101,12132,12233
MCCP01v2_0037,218,12233,12451
MCCP01v2_0038,296,12451,12747
MCCP01v2_0039,535,12747,13282
MCCP01v2_0040,510,13282,13792
MCCP01v2_0041,548,13792,14340
MCCP01v2_0042,536,14340,14876
MCCP01v2_0043,844,14876,15720
MCCP01v2_0044,326,15720,16046
MCCP01v2_0045,835,16046,16881
MCCP01v2_0046,635,16881,17516
MCCP01v2_0047,224,17516,17740
MCCP01v2_0048,181,17740,17921
MCCP01v2_0049,102,17921,18023
MCCP01v2_0050,945,18023,18968
MCCP01v2_0051,192,18968,19160
MCCP01v2_0052,305,19160,19465
MCCP01v2_0053,898,19465,20363
MCCP01v2_0054,374,20363,20737
MCCP01v2_0055,298,20737,21035
MCCP01v2_0056,106,21035,21141
MCCP01v2_0057,387,21141,21528
MCCP01v2_0058,109,21528,21637
MCCP01v2_0059,50,21637,21687
MCCP01v2_0060,228,21687,21915
MCCP01v2_0061,163,21915,22078
MCCP01v2_0062,181,22078,22259
MCCP01v2_0063,96,22259,22355
MCCP01v2_0064,79,22355,22434
MCCP01v2_0065,187,22434,22621
MCCP01v2_0066,36,22621,22657
MCCP01v2_0067,144,22657,22801
MCCP01v2_0068,241,22801,23042
MCCP01v2_0069,157,23042,23199
MCCP01v2_0070,296,23199,23495
MCCP01v2_0071,80,23495,23575
MCCP01v2_0072,92,23575,23667
MCCP01v2_0073,189,23667,23856
MCCP01v2_0074,243,23856,24099
MCCP01v2_0075,72,24099,24171
MCCP01v2_0076,469,24171,24640
MCCP01v2_0077,133,24640,24773
MCCP01v2_0078,357,24773,25130
MCCP01v2_0079,290,25130,25420
MCCP01v2_0080,251,25420,25671
MCCP01v2_0081,525,25671,26196
MCCP01v2_0082,293,26196,26489
MCCP01v2_0083,143,26489,26632
MCCP01v2_0084,227,26632,26859
MCCP01v2_0085,166,26859,27025
MCCP01v2_0086,123,27025,27148
MCCP01v2_0087,391,27148,27539
MCCP01v2_0088,1288,27539,28827
MCCP01v2_0089,1256,28827,30083
MCCP01v2_0090,327,30083,30410
MCCP01v2_0091,102,30410,30512
MCCP01v2_0092,99,30512,30611
MCCP01v2_0093,148,30611,30759
MCCP01v2_0094,414,30759,31173
MCCP01v2_0095,208,31173,31381
MCCP01v2_0096,133,31381,31514
MCCP01v2_0097,287,31514,31801
MCCP01v2_0098,102,31801,31903
MCCP01v2_0099,182,31903,32085
MCCP01v2_0100,182,32085,32267
MCCP01v2_0101,526,32267,32793
MCCP01v2_0102,281,32793,33074
MCCP01v2_0103,477,33074,33551
MCCP01v2_0104,100,33551,33651
MCCP01v2_0105,404,33651,34055
MCCP01v2_0106,943,34055,34998
MCCP01v2_0107,50,34998,35048
MCCP01v2_0108,163,35048,35211
MCCP01v2_0109,240,35211,35451
MCCP01v2_0110,313,35451,35764
MCCP01v2_0111,227,35764,35991
MCCP01v2_0112,228,35991,36219
MCCP01v2_0113,127,36219,36346
MCCP01v2_0114,214,36346,36560
MCCP01v2_0115,62,36560,36622
MCCP01v2_0116,376,36622,36998
MCCP01v2_0117,734,36998,37732
MCCP01v2_0118,168,37732,37900
MCCP01v2_0119,149,37900,38049
MCCP01v2_0120,705,38049,38754
MCCP01v2_0121,95,38754,38849
MCCP01v2_0122,340,38849,39189
MCCP01v2_0123,158,39189,39347
MCCP01v2_0124,721,39347,40068
MCCP01v2_0125,345,40068,40413
MCCP01v2_0126,187,40413,40600
MCCP01v2_0127,148,40600,40748
MCCP01v2_0128,443,40748,41191
MCCP01v2_0129,429,41191,41620
MCCP01v2_0130,309,41620,41929
MCCP01v2_0131,442,41929,42371
MCCP01v2_0132,245,42371,42616
MCCP01v2_0133,54,42616,42670
MCCP01v2_0134,105,42670,42775
MCCP01v2_0135,215,42775,42990
MCCP01v2_0136,1966,42990,44956
MCCP01v2_0137,985,44956,45941
MCCP01v2_0138,358,45941,46299
MCCP01v2_0139,337,46299,46636
MCCP01v2_0140,481,46636,47117
MCCP01v2_0141,443,47117,47560
MCCP01v2_0142,143,47560,47703
MCCP01v2_0143,253,47703,47956
MCCP01v2_0144,196,47956,48152
MCCP01v2_0145,97,48152,48249
MCCP01v2_0146,70,48249,48319
MCCP01v2_0147,144,48319,48463
MCCP01v2_0148,220,48463,48683
MCCP01v2_0149,41,48683,48724
MCCP01v2_0150,78,48724,48802
MCCP01v2_0151,188,48802,48990
MCCP01v2_0152,144,48990,49134
MCCP01v2_0153,530,49134,49664
MCCP01v2_0154,288,49664,49952
MCCP01v2_0155,256,49952,50208
MCCP01v2_0156,561,50208,50769
MCCP01v2_0157,484,50769,51253
MCCP01v2_0158,403,51253,51656
MCCP01v2_0159,146,51656,51802
MCCP01v2_0160,533,51802,52335
MCCP01v2_0161,324,52335,52659
MCCP01v2_0162,207,52659,52866
MCCP01v2_0163,323,52866,53189
MCCP01v2_0164,222,53189,53411
MCCP01v2_0165,270,53411,53681
MCCP01v2_0166,488,53681,54169
MCCP01v2_0167,236,54169,54405
MCCP01v2_0168,93,54405,54498
MCCP01v2_0169,643,54498,55141
MCCP01v2_0170,317,55141,55458
MCCP01v2_0171,210,55458,55668
MCCP01v2_0172,364,55668,56032
MCCP01v2_0173,283,56032,56315
MCCP01v2_0174,491,56315,56806
MCCP01v2_0175,167,56806,56973
MCCP01v2_0176,305,56973,57278
MCCP01v2_0177,236,57278,57514
MCCP01v2_0178,510,57514,58024
MCCP01v2_0179,140,58024,58164
MCCP01v2_0180,156,58164,58320
MCCP01v2_0181,690,58320,59010
MCCP01v2_0182,396,59010,59406
MCCP01v2_0183,276,59406,59682
MCCP01v2_0184,303,59682,59985
MCCP01v2_0185,756,59985,60741
MCCP01v2_0186,452,60741,61193
MCCP01v2_0187,390,61193,61583
MCCP01v2_0188,897,61583,62480
MCCP01v2_0189,165,62480,62645
MCCP01v2_0190,65,62645,62710
MCCP01v2_0191,415,62710,63125
MCCP01v2_0192,337,63125,63462
MCCP01v2_0193,567,63462,64029
MCCP01v2_0194,626,64029,64655
MCCP01v2_0195,1028,64655,65683
MCCP01v2_0196,126,65683,65809
MCCP01v2_0197,233,65809,66042
MCCP01v2_0198,59,66042,66101
MCCP01v2_0199,280,66101,66381
MCCP01v2_0200,294,66381,66675
MCCP01v2_0201,547,66675,67222
MCCP01v2_0202,600,67222,67822
MCCP01v2_0203,207,67822,68029
MCCP01v2_0204,305,68029,68334
MCCP01v2_0205,44,68334,68378
MCCP01v2_0206,194,68378,68572
MCCP01v2_0207,98,68572,68670
MCCP01v2_0208,285,68670,68955
MCCP01v2_0209,179,68955,69134
MCCP01v2_0210,69,69134,69203
MCCP01v2_0211,70,69203,69273
MCCP01v2_0212,89,69273,69362
MCCP01v2_0213,408,69362,69770
MCCP01v2_0214,135,69770,69905
MCCP01v2_0215,51,69905,69956
MCCP01v2_0216,449,69956,70405
MCCP01v2_0217,297,70405,70702
MCCP01v2_0218,123,70702,70825
MCCP01v2_0219,205,70825,71030
MCCP01v2_0220,215,71030,71245
MCCP01v2_0221,430,71245,71675
MCCP01v2_0222,535,71675,72210
MCCP01v2_0223,106,72210,72316
MCCP01v2_0224,50,72316,72366
MCCP01v2_0225,598,72366,72964
MCCP01v2_0226,228,72964,73192
MCCP01v2_0227,452,73192,73644
MCCP01v2_0228,432,73644,74076
MCCP01v2_0229,207,74076,74283
MCCP01v2_0230,226,74283,74509
MCCP01v2_0231,58,74509,74567
MCCP01v2_0232,127,74567,74694
MCCP01v2_0233,109,74694,74803
MCCP01v2_0234,327,74803,75130
MCCP01v2_0235,209,75130,75339
MCCP01v2_0236,122,75339,75461
MCCP01v2_0237,65,75461,75526
MCCP01v2_0238,152,75526,75678
MCCP01v2_0239,44,75678,75722
MCCP01v2_0240,135,75722,75857
MCCP01v2_0241,853,75857,76710
MCCP01v2_0242,170,76710,76880
MCCP01v2_0243,593,76880,77473
MCCP01v2_0244,312,77473,77785
MCCP01v2_0245,81,77785,77866
MCCP01v2_0246,457,77866,78323
MCCP01v2_0247,67,78323,78390
MCCP01v2_0248,461,78390,78851
MCCP01v2_0249,425,78851,79276
MCCP01v2_0250,155,79276,79431
MCCP01v2_0251,1038,79431,80469
MCCP01v2_0252,331,80469,80800
MCCP01v2_0253,352,80800,81152
MCCP01v2_0254,120,81152,81272
MCCP01v2_0255,64,81272,81336
MCCP01v2_0256,182,81336,81518
MCCP01v2_0257,201,81518,81719
MCCP01v2_0258,186,81719,81905
MCCP01v2_0259,298,81905,82203
MCCP01v2_0260,424,82203,82627
MCCP01v2_0261,342,82627,82969
MCCP01v2_0262,255,82969,83224
MCCP01v2_0263,610,83224,83834
MCCP01v2_0264,64,83834,83898
MCCP01v2_0265,139,83898,84037
MCCP01v2_0266,78,84037,84115
MCCP01v2_0267,159,84115,84274
MCCP01v2_0268,452,84274,84726
MCCP01v2_0269,274,84726,85000
MCCP01v2_0270,144,85000,85144
MCCP01v2_0271,191,85144,85335
MCCP01v2_0272,260,85335,85595
MCCP01v2_0273,506,85595,86101
MCCP01v2_0274,388,86101,86489
MCCP01v2_0275,327,86489,86816
MCCP01v2_0276,371,86816,87187
MCCP01v2_0277,118,87187,87305
MCCP01v2_0278,640,87305,87945
MCCP01v2_0279,456,87945,88401
MCCP01v2_0280,335,88401,88736
MCCP01v2_0281,371,88736,89107
MCCP01v2_0282,330,89107,89437
MCCP01v2_0283,439,89437,89876
MCCP01v2_0284,597,89876,90473
MCCP01v2_0285,323,90473,90796
MCCP01v2_0286,394,90796,91190
MCCP01v2_0287,382,91190,91572
MCCP01v2_0288,265,91572,91837
MCCP01v2_0289,141,91837,91978
MCCP01v2_0290,574,91978,92552
MCCP01v2_0291,155,92552,92707
MCCP01v2_0292,209,92707,92916
MCCP01v2_0293,130,92916,93046
MCCP01v2_0294,209,93046,93255
MCCP01v2_0295,596,93255,93851
MCCP01v2_0296,396,93851,94247
MCCP01v2_0297,657,94247,94904
MCCP01v2_0298,191,94904,95095
MCCP01v2_0299,239,95095,95334
MCCP01v2_0300,134,95334,95468
MCCP01v2_0301,229,95468,95697
MCCP01v2_0302,204,95697,95901
MCCP01v2_0303,475,95901,96376
MCCP01v2_0304,174,96376,96550
MCCP01v2_0305,972,96550,97522
MCCP01v2_0306,197,97522,97719
MCCP01v2_0307,82,97719,97801
MCCP01v2_0308,193,97801,97994
MCCP01v2_0309,230,97994,98224
MCCP01v2_0310,232,98224,98456
MCCP01v2_0311,241,98456,98697
MCCP01v2_0312,158,98697,98855
MCCP01v2_0313,585,98855,99440
MCCP01v2_0314,359,99440,99799
MCCP01v2_0315,372,99799,100171
MCCP01v2_0316,130,100171,100301
MCCP01v2_0317,584,100301,100885
MCCP01v2_0318,101,100885,100986
MCCP01v2_0319,146,100986,101132
MCCP01v2_0320,266,101132,101398
MCCP01v2_0321,873,101398,102271
MCCP01v2_0322,21,102271,102292
MCCP01v2_0323,209,102292,102501
MCCP01v2_0324,226,102501,102727
MCCP01v2_0325,301,102727,103028
MCCP01v2_0326,372,103028,103400
MCCP01v2_0327,253,103400,103653
MCCP01v2_0328,258,103653,103911
MCCP01v2_0329,151,103911,104062
MCCP01v2_0330,46,104062,104108
MCCP01v2_0331,216,104108,104324
MCCP01v2_0332,128,104324,104452
MCCP01v2_0333,202,104452,104654
MCCP01v2_0334,48,104654,104702
MCCP01v2_0335,97,104702,104799
MCCP01v2_0336,246,104799,105045
MCCP01v2_0337,71,105045,105116
MCCP01v2_0338,181,105116,105297
MCCP01v2_0339,165,105297,105462
MCCP01v2_0340,64,105462,105526
MCCP01v2_0341,94,105526,105620
MCCP01v2_0342,187,105620,105807
MCCP01v2_0343,62,105807,105869
MCCP01v2_0344,207,105869,106076
MCCP01v2_0345,204,106076,106280
MCCP01v2_0346,138,106280,106418
MCCP01v2_0347,119,106418,106537
MCCP01v2_0348,183,106537,106720
MCCP01v2_0349,88,106720,106808
MCCP01v2_0350,268,106808,107076
MCCP01v2_0351,223,107076,107299
MCCP01v2_0352,157,107299,107456
MCCP01v2_0353,126,107456,107582
MCCP01v2_0354,182,107582,107764
MCCP01v2_0355,206,107764,107970
MCCP01v2_0356,88,107970,108058
MCCP01v2_0357,187,108058,108245
MCCP01v2_0358,420,108245,108665
MCCP01v2_0359,190,108665,108855
MCCP01v2_0360,849,108855,109704
MCCP01v2_0361,408,109704,110112
MCCP01v2_0362,136,110112,110248
MCCP01v2_0363,55,110248,110303
MCCP01v2_0364,151,110303,110454
MCCP01v2_0365,157,110454,110611
MCCP01v2_0366,495,110611,111106
MCCP01v2_0367,162,111106,111268
MCCP01v2_0368,85,111268,111353
MCCP01v2_0369,135,111353,111488
MCCP01v2_0370,162,111488,111650
MCCP01v2_0371,132,111650,111782
MCCP01v2_0372,290,111782,112072
MCCP01v2_0373,284,112072,112356
MCCP01v2_0374,181,112356,112537
MCCP01v2_0375,139,112537,112676
MCCP01v2_0376,188,112676,112864
MCCP01v2_0377,242,112864,113106
MCCP01v2_0378,211,113106,113317
MCCP01v2_0379,446,113317,113763
MCCP01v2_0380,1139,113763,114902
MCCP01v2_0381,212,114902,115114
MCCP01v2_0382,97,115114,115211
MCCP01v2_0383,110,115211,115321
MCCP01v2_0384,957,115321,116278
MCCP01v2_0385,56,116278,116334
MCCP01v2_0386,37,116334,116371
MCCP01v2_0387,92,116371,116463
MCCP01v2_0388,59,116463,116522
MCCP01v2_0389,231,116522,116753
MCCP01v2_0390,475,116753,117228
MCCP01v2_0391,207,117228,117435
MCCP01v2_0392,300,117435,117735
MCCP01v2_0393,601,117735,118336
MCCP01v2_0394,268,118336,118604
MCCP01v2_0395,576,118604,119180
MCCP01v2_0396,415,119180,119595
MCCP01v2_0397,118,119595,119713
MCCP01v2_0398,199,119713,119912
MCCP01v2_0399,185,119912,120097
MCCP01v2_0400,684,120097,120781
MCCP01v2_0401,613,120781,121394
MCCP01v2_0402,89,121394,121483
MCCP01v2_0403,217,121483,121700
MCCP01v2_0404,621,121700,122321
MCCP01v2_0405,100,122321,122421
MCCP01v2_0406,94,122421,122515
MCCP01v2_0407,559,122515,123074
MCCP01v2_0408,165,123074,123239
MCCP01v2_0409,217,123239,123456
MCCP01v2_0410,1480,123456,124936
MCCP01v2_0411,343,124936,125279
,40,125279,125319
MCCP01v2_0413,359,125319,125678
MCCP01v2_0414,337,125678,126015
MCCP01v2_0415,297,126015,126312
MCCP01v2_0416,220,126312,126532
MCCP01v2_0417,248,126532,126780
MCCP01v2_0418,455,126780,127235
MCCP01v2_0419,267,127235,127502
MCCP01v2_0420,159,127502,127661
MCCP01v2_0421,36,127661,127697
MCCP01v2_0422,121,127697,127818
MCCP01v2_0423,131,127818,127949
MCCP01v2_0424,47,127949,127996
MCCP01v2_0425,723,127996,128719
MCCP01v2_0426,670,128719,129389
MCCP01v2_0427,126,129389,129515
MCCP01v2_0428,242,129515,129757
MCCP01v2_0429,347,129757,130104
MCCP01v2_0430,110,130104,130214
MCCP01v2_0431,482,130214,130696
MCCP01v2_0432,879,130696,131575
MCCP01v2_0433,743,131575,132318
MCCP01v2_0434,882,132318,133200
MCCP01v2_0435,472,133200,133672
MCCP01v2_0436,166,133672,133838
MCCP01v2_0437,304,133838,134142
MCCP01v2_0438,154,134142,134296
MCCP01v2_0439,766,134296,135062
MCCP01v2_0440,517,135062,135579
MCCP01v2_0441,460,135579,136039
MCCP01v2_0442,414,136039,136453
MCCP01v2_0443,252,136453,136705
MCCP01v2_0444,82,136705,136787
MCCP01v2_0445,851,136787,137638
MCCP01v2_0446,830,137638,138468
MCCP01v2_0447,200,138468,138668
MCCP01v2_0448,182,138668,138850
MCCP01v2_0449,289,138850,139139
MCCP01v2_0450,714,139139,139853
MCCP01v2_0451,341,139853,140194
MCCP01v2_0452,207,140194,140401
MCCP01v2_0453,592,140401,140993
MCCP01v2_0454,373,140993,141366
MCCP01v2_0455,292,141366,141658
MCCP01v2_0456,296,141658,141954
MCCP01v2_0457,202,141954,142156
MCCP01v2_0458,238,142156,142394
MCCP01v2_0459,183,142394,142577
MCCP01v2_0460,555,142577,143132
,40,143132,143172
,40,143172,143212
MCCP01v2_0463,1482,143212,144694
MCCP01v2_0464,203,144694,144897
MCCP01v2_0465,358,144897,145255
MCCP01v2_0466,795,145255,146050
MCCP01v2_0467,172,146050,146222
MCCP01v2_0468,60,146222,146282
MCCP01v2_0469,138,146282,146420
MCCP01v2_0470,310,146420,146730
MCCP01v2_0471,110,146730,146840
MCCP01v2_0472,90,146840,146930
MCCP01v2_0473,128,146930,147058
MCCP01v2_0474,380,147058,147438
MCCP01v2_0475,148,147438,147586
MCCP01v2_0476,330,147586,147916
MCCP01v2_0477,909,147916,148825
MCCP01v2_0478,203,148825,149028
MCCP01v2_0479,311,149028,149339
MCCP01v2_0480,434,149339,149773
MCCP01v2_0481,161,149773,149934
MCCP01v2_0482,329,149934,150263
MCCP01v2_0483,311,150263,150574
MCCP01v2_0484,135,150574,150709
MCCP01v2_0485,111,150709,150820
MCCP01v2_0486,385,150820,151205
MCCP01v2_0487,318,151205,151523
MCCP01v2_0488,206,151523,151729
MCCP01v2_0489,355,151729,152084
MCCP01v2_0490,48,152084,152132
MCCP01v2_0491,311,152132,152443
MCCP01v2_0492,134,152443,152577
MCCP01v2_0493,101,152577,152678
MCCP01v2_0494,105,152678,152783
MCCP01v2_0495,94,152783,152877
MCCP01v2_0496,296,152877,153173
MCCP01v2_0497,247,153173,153420
MCCP01v2_0498,116,153420,153536
MCCP01v2_0499,50,153536,153586
MCCP01v2_0500,150,153586,153736
MCCP01v2_0501,292,153736,154028
MCCP01v2_0502,227,154028,154255
MCCP01v2_0503,450,154255,154705
MCCP01v2_0504,145,154705,154850
MCCP01v2_0505,208,154850,155058
MCCP01v2_0506,235,155058,155293
MCCP01v2_0507,133,155293,155426
MCCP01v2_0508,673,155426,156099
MCCP01v2_0509,272,156099,156371
MCCP01v2_0510,454,156371,156825
MCCP01v2_0511,308,156825,157133
MCCP01v2_0512,187,157133,157320
MCCP01v2_0513,55,157320,157375
MCCP01v2_0514,248,157375,157623
MCCP01v2_0515,73,157623,157696
MCCP01v2_0516,77,157696,157773
MCCP01v2_0517,74,157773,157847
MCCP01v2_0518,87,157847,157934
MCCP01v2_0519,575,157934,158509
MCCP01v2_0520,551,158509,159060
MCCP01v2_0521,200,159060,159260
MCCP01v2_0522,269,159260,159529
MCCP01v2_0523,386,159529,159915
MCCP01v2_0524,318,159915,160233
MCCP01v2_0525,180,160233,160413
MCCP01v2_0526,126,160413,160539
MCCP01v2_0527,266,160539,160805
MCCP01v2_0528,263,160805,161068
MCCP01v2_0529,115,161068,161183
MCCP01v2_0530,284,161183,161467
MCCP01v2_0531,346,161467,161813
MCCP01v2_0532,393,161813,162206
MCCP01v2_0533,634,162206,162840
MCCP01v2_0534,268,162840,163108
MCCP01v2_0535,335,163108,163443
MCCP01v2_0536,404,163443,163847
MCCP01v2_0537,452,163847,164299
MCCP01v2_0538,214,164299,164513
MCCP01v2_0539,900,164513,165413
MCCP01v2_0540,644,165413,166057
MCCP01v2_0541,398,166057,166455
MCCP01v2_0542,123,166455,166578
MCCP01v2_0543,300,166578,166878
MCCP01v2_0544,472,166878,167350
MCCP01v2_0545,256,167350,167606
MCCP01v2_0546,168,167606,167774
MCCP01v2_0547,121,167774,167895
MCCP01v2_0548,428,167895,168323
MCCP01v2_0549,473,168323,168796
MCCP01v2_0550,52,168796,168848
MCCP01v2_0551,190,168848,169038
MCCP01v2_0552,146,169038,169184
MCCP01v2_0553,413,169184,169597
MCCP01v2_0554,964,169597,170561
MCCP01v2_0555,721,170561,171282
MCCP01v2_0556,133,171282,171415
MCCP01v2_0557,327,171415,171742
MCCP01v2_0558,219,171742,171961
MCCP01v2_0559,310,171961,172271
MCCP01v2_0560,408,172271,172679
MCCP01v2_0561,228,172679,172907
MCCP01v2_0562,388,172907,173295
MCCP01v2_0563,258,173295,173553
MCCP01v2_0564,114,173553,173667
MCCP01v2_0565,425,173667,174092
MCCP01v2_0566,224,174092,174316
MCCP01v2_0567,270,174316,174586
MCCP01v2_0568,697,174586,175283
MCCP01v2_0569,404,175283,175687
MCCP01v2_0570,145,175687,175832
MCCP01v2_0571,110,175832,175942
MCCP01v2_0572,548,175942,176490
MCCP01v2_0573,335,176490,176825
MCCP01v2_0574,233,176825,177058
MCCP01v2_0575,151,177058,177209
MCCP01v2_0576,129,177209,177338
MCCP01v2_0577,989,177338,178327
MCCP01v2_0578,755,178327,179082
MCCP01v2_0579,171,179082,179253
MCCP01v2_0580,1405,179253,180658
MCCP01v2_0581,504,180658,181162
MCCP01v2_0582,454,181162,181616
MCCP01v2_0583,259,181616,181875
MCCP01v2_0584,226,181875,182101
MCCP01v2_0585,507,182101,182608
MCCP01v2_0586,605,182608,183213
MCCP01v2_0587,457,183213,183670
MCCP01v2_0588,250,183670,183920
MCCP01v2_0589,302,183920,184222
MCCP01v2_0590,165,184222,184387
MCCP01v2_0591,584,184387,184971
MCCP01v2_0592,183,184971,185154
MCCP01v2_0593,1754,185154,186908
MCCP01v2_0594,824,186908,187732
MCCP01v2_0595,485,187732,188217
MCCP01v2_0596,53,188217,188270
MCCP01v2_0597,121,188270,188391
MCCP01v2_0598,763,188391,189154
MCCP01v2_0599,420,189154,189574
MCCP01v2_0600,780,189574,190354
MCCP01v2_0601,429,190354,190783
MCCP01v2_0602,101,190783,190884
MCCP01v2_0603,185,190884,191069
MCCP01v2_0604,318,191069,191387
MCCP01v2_0605,715,191387,192102
MCCP01v2_0606,206,192102,192308
MCCP01v2_0607,376,192308,192684
MCCP01v2_0608,234,192684,192918
MCCP01v2_0609,88,192918,193006
MCCP01v2_0610,125,193006,193131
MCCP01v2_0611,272,193131,193403
MCCP01v2_0612,215,193403,193618
MCCP01v2_0613,81,193618,193699
MCCP01v2_0614,122,193699,193821
MCCP01v2_0615,368,193821,194189
MCCP01v2_0616,82,194189,194271
MCCP01v2_0617,258,194271,194529
MCCP01v2_0618,434,194529,194963
MCCP01v2_0619,85,194963,195048
MCCP01v2_0620,251,195048,195299
MCCP01v2_0621,535,195299,195834
MCCP01v2_0622,618,195834,196452
MCCP01v2_0623,624,196452,197076
MCCP01v2_0624,102,197076,197178
MCCP01v2_0625,213,197178,197391
MCCP01v2_0626,531,197391,197922
MCCP01v2_0627,208,197922,198130
MCCP01v2_0628,317,198130,198447
MCCP01v2_0629,131,198447,198578
MCCP01v2_0630,241,198578,198819
MCCP01v2_0631,165,198819,198984
MCCP01v2_0632,109,198984,199093
MCCP01v2_0633,156,199093,199249
MCCP01v2_0634,448,199249,199697
MCCP01v2_0635,510,199697,200207
MCCP01v2_0636,346,200207,200553
MCCP01v2_0637,183,200553,200736
MCCP01v2_0638,50,200736,200786
MCCP01v2_0639,170,200786,200956
MCCP01v2_0640,179,200956,201135
MCCP01v2_0641,91,201135,201226
MCCP01v2_0642,279,201226,201505
MCCP01v2_0643,436,201505,201941
MCCP01v2_0644,223,201941,202164
MCCP01v2_0645,232,202164,202396
MCCP01v2_0646,296,202396,202692
MCCP01v2_0647,187,202692,202879
MCCP01v2_0648,69,202879,202948
MCCP01v2_0649,96,202948,203044
MCCP01v2_0650,514,203044,203558
MCCP01v2_0651,89,203558,203647
MCCP01v2_0652,339,203647,203986
MCCP01v2_0653,251,203986,204237
MCCP01v2_0654,292,204237,204529
MCCP01v2_0655,79,204529,204608
MCCP01v2_0656,161,204608,204769
MCCP01v2_0657,239,204769,205008
MCCP01v2_0658,216,205008,205224
MCCP01v2_0659,603,205224,205827
MCCP01v2_0660,150,205827,205977
MCCP01v2_0661,151,205977,206128
MCCP01v2_0662,133,206128,206261
MCCP01v2_0663,167,206261,206428
MCCP01v2_0664,147,206428,206575
MCCP01v2_0665,47,206575,206622
MCCP01v2_0666,122,206622,206744
MCCP01v2_0667,90,206744,206834
MCCP01v2_0668,276,206834,207110
MCCP01v2_0669,238,207110,207348
MCCP01v2_0670,209,207348,207557
MCCP01v2_0671,253,207557,207810
MCCP01v2_0672,210,207810,208020
MCCP01v2_0673,279,208020,208299
MCCP01v2_0674,254,208299,208553
MCCP01v2_0675,500,208553,209053
MCCP01v2_0676,133,209053,209186
MCCP01v2_0677,235,209186,209421
MCCP01v2_0678,304,209421,209725
MCCP01v2_0679,63,209725,209788
MCCP01v2_0680,144,209788,209932
MCCP01v2_0681,160,209932,210092
MCCP01v2_0682,494,210092,210586
MCCP01v2_0683,82,210586,210668
MCCP01v2_0684,657,210668,211325
MCCP01v2_0685,54,211325,211379
MCCP01v2_0686,247,211379,211626
MCCP01v2_0687,427,211626,212053
MCCP01v2_0688,359,212053,212412
MCCP01v2_0689,756,212412,213168
MCCP01v2_0690,353,213168,213521
MCCP01v2_0691,155,213521,213676
MCCP01v2_0692,623,213676,214299
MCCP01v2_0693,100,214299,214399
MCCP01v2_0694,185,214399,214584
MCCP01v2_0695,169,214584,214753
MCCP01v2_0696,282,214753,215035
MCCP01v2_0697,245,215035,215280
MCCP01v2_0698,506,215280,215786
MCCP01v2_0699,109,215786,215895
MCCP01v2_0700,314,215895,216209
MCCP01v2_0701,476,216209,216685
MCCP01v2_0702,86,216685,216771
MCCP01v2_0703,71,216771,216842
MCCP01v2_0704,159,216842,217001
MCCP01v2_0705,118,217001,217119
MCCP01v2_0706,171,217119,217290
MCCP01v2_0707,418,217290,217708
MCCP01v2_0708,174,217708,217882
MCCP01v2_0709,89,217882,217971
MCCP01v2_0710,471,217971,218442
MCCP01v2_0711,22,218442,218464
MCCP01v2_0712,89,218464,218553
MCCP01v2_0713,43,218553,218596
MCCP01v2_0714,58,218596,218654
MCCP01v2_0715,485,218654,219139
MCCP01v2_0716,614,219139,219753
MCCP01v2_0717,318,219753,220071
MCCP01v2_0718,295,220071,220366
MCCP01v2_0719,101,220366,220467
MCCP01v2_0720,358,220467,220825
MCCP01v2_0721,67,220825,220892
MCCP01v2_0722,84,220892,220976
MCCP01v2_0723,222,220976,221198
MCCP01v2_0724,59,221198,221257
MCCP01v2_0725,53,221257,221310
MCCP01v2_0726,88,221310,221398
MCCP01v2_0727,405,221398,221803
MCCP01v2_0728,339,221803,222142
MCCP01v2_0729,312,222142,222454
MCCP01v2_0730,395,222454,222849
MCCP01v2_0731,275,222849,223124
MCCP01v2_0732,912,223124,224036
MCCP01v2_0733,987,224036,225023
MCCP01v2_0734,364,225023,225387
MCCP01v2_0735,330,225387,225717
MCCP01v2_0736,137,225717,225854
MCCP01v2_0737,415,225854,226269
MCCP01v2_0738,354,226269,226623
MCCP01v2_0739,203,226623,226826
MCCP01v2_0740,280,226826,227106
MCCP01v2_0741,284,227106,227390
MCCP01v2_0742,156,227390,227546
MCCP01v2_0743,74,227546,227620
MCCP01v2_0744,112,227620,227732
MCCP01v2_0745,356,227732,228088
MCCP01v2_0746,154,228088,228242
MCCP01v2_0747,159,228242,228401
MCCP01v2_0748,117,228401,228518
MCCP01v2_0749,259,228518,228777
MCCP01v2_0750,468,228777,229245
MCCP01v2_0751,59,229245,229304
MCCP01v2_0752,226,229304,229530
MCCP01v2_0753,296,229530,229826
MCCP01v2_0754,255,229826,230081
MCCP01v2_0755,157,230081,230238
MCCP01v2_0756,522,230238,230760
MCCP01v2_0757,805,230760,231565
MCCP01v2_0758,937,231565,232502
MCCP01v2_0759,133,232502,232635
MCCP01v2_0760,152,232635,232787
MCCP01v2_0761,1382,232787,234169
MCCP01v2_0762,250,234169,234419
MCCP01v2_0763,337,234419,234756
MCCP01v2_0764,303,234756,235059
MCCP01v2_0765,409,235059,235468
MCCP01v2_0766,120,235468,235588
MCCP01v2_0767,318,235588,235906
MCCP01v2_0768,130,235906,236036
MCCP01v2_0769,122,236036,236158
MCCP01v2_0770,75,236158,236233
MCCP01v2_0771,252,236233,236485
MCCP01v2_0772,214,236485,236699
MCCP01v2_0773,483,236699,237182
MCCP01v2_0774,146,237182,237328
MCCP01v2_0775,255,237328,237583
MCCP01v2_0776,117,237583,237700
MCCP01v2_0777,181,237700,237881
MCCP01v2_0778,130,237881,238011
MCCP01v2_0779,62,238011,238073
MCCP01v2_0780,181,238073,238254
MCCP01v2_0781,109,238254,238363
MCCP01v2_0782,123,238363,238486
MCCP01v2_0783,86,238486,238572
MCCP01v2_0784,139,238572,238711
MCCP01v2_0785,138,238711,238849
MCCP01v2_0786,234,238849,239083
MCCP01v2_0787,112,239083,239195
MCCP01v2_0788,89,239195,239284
MCCP01v2_0789,282,239284,239566
MCCP01v2_0790,95,239566,239661
MCCP01v2_0791,209,239661,239870
MCCP01v2_0792,224,239870,240094
MCCP01v2_0793,103,240094,240197
MCCP01v2_0794,76,240197,240273
MCCP01v2_0795,181,240273,240454
MCCP01v2_0796,105,240454,240559
MCCP01v2_0797,251,240559,240810
MCCP01v2_0798,47,240810,240857
MCCP01v2_0799,120,240857,240977
MCCP01v2_0800,40,240977,241017
MCCP01v2_0801,228,241017,241245
MCCP01v2_0802,285,241245,241530
MCCP01v2_0803,534,241530,242064
MCCP01v2_0804,243,242064,242307
MCCP01v2_0805,480,242307,242787
MCCP01v2_0806,486,242787,243273
MCCP01v2_0807,99,243273,243372
MCCP01v2_0808,669,243372,244041
MCCP01v2_0809,667,244041,244708
MCCP01v2_0810,303,244708,245011
MCCP01v2_0811,325,245011,245336
MCCP01v2_0812,90,245336,245426
MCCP01v2_0813,723,245426,246149
MCCP01v2_0814,249,246149,246398
MCCP01v2_0815,319,246398,246717
MCCP01v2_0816,132,246717,246849
MCCP01v2_0817,96,246849,246945
MCCP01v2_0818,55,246945,247000
MCCP01v2_0819,131,247000,247131
MCCP01v2_0820,170,247131,247301
MCCP01v2_0821,310,247301,247611
MCCP01v2_0822,492,247611,248103
MCCP01v2_0823,186,248103,248289
MCCP01v2_0824,302,248289,248591
MCCP01v2_0825,143,248591,248734
MCCP01v2_0826,230,248734,248964
MCCP01v2_0827,105,248964,249069
MCCP01v2_0828,247,249069,249316
MCCP01v2_0829,790,249316,250106
MCCP01v2_0830,187,250106,250293
MCCP01v2_0831,583,250293,250876
MCCP01v2_0832,250,250876,251126
MCCP01v2_0833,489,251126,251615
MCCP01v2_0834,288,251615,251903
MCCP01v2_0835,288,251903,252191
MCCP01v2_0836,66,252191,252257
MCCP01v2_0837,134,252257,252391
MCCP01v2_0838,438,252391,252829
MCCP01v2_0839,422,252829,253251
MCCP01v2_0840,424,253251,253675
MCCP01v2_0841,437,253675,254112
MCCP01v2_0842,74,254112,254186
MCCP01v2_0843,114,254186,254300
MCCP01v2_0844,121,254300,254421
MCCP01v2_0845,40,254421,254461
MCCP01v2_0846,243,254461,254704
MCCP01v2_0847,249,254704,254953
MCCP01v2_0848,152,254953,255105
MCCP01v2_0849,146,255105,255251
MCCP01v2_0850,532,255251,255783
MCCP01v2_0851,200,255783,255983
MCCP01v2_0852,334,255983,256317
MCCP01v2_0853,223,256317,256540
MCCP01v2_0854,561,256540,257101
MCCP01v2_0855,438,257101,257539
MCCP01v2_0856,122,257539,257661
MCCP01v2_0857,465,257661,258126
MCCP01v2_0858,468,258126,258594
MCCP01v2_0859,221,258594,258815
MCCP01v2_0860,162,258815,258977
MCCP01v2_0861,254,258977,259231
MCCP01v2_0862,69,259231,259300
MCCP01v2_0863,81,259300,259381
MCCP01v2_0864,43,259381,259424
MCCP01v2_0865,184,259424,259608
MCCP01v2_0866,433,259608,260041
MCCP01v2_0867,433,260041,260474
MCCP01v2_0868,267,260474,260741
MCCP01v2_0869,124,260741,260865
MCCP01v2_0870,43,260865,260908
MCCP01v2_0871,230,260908,261138
MCCP01v2_0872,480,261138,261618
MCCP01v2_0873,317,261618,261935
MCCP01v2_0874,666,261935,262601
MCCP01v2_0875,947,262601,263548
MCCP01v2_0876,370,263548,263918
MCCP01v2_0877,225,263918,264143
MCCP01v2_0878,155,264143,264298
MCCP01v2_0879,170,264298,264468
MCCP01v2_0880,527,264468,264995
MCCP01v2_0881,311,264995,265306
MCCP01v2_0882,477,265306,265783
MCCP01v2_0883,310,265783,266093
MCCP01v2_0884,170,266093,266263
MCCP01v2_0885,86,266263,266349
MCCP01v2_0886,241,266349,266590
MCCP01v2_0887,283,266590,266873
MCCP01v2_0888,68,266873,266941
MCCP01v2_0889,75,266941,267016
MCCP01v2_0890,169,267016,267185
MCCP01v2_0891,46,267185,267231
MCCP01v2_0892,145,267231,267376
MCCP01v2_0893,174,267376,267550
MCCP01v2_0894,47,267550,267597
MCCP01v2_0895,97,267597,267694
MCCP01v2_0896,56,267694,267750
MCCP01v2_0897,153,267750,267903
MCCP01v2_0898,89,267903,267992
MCCP01v2_0899,644,267992,268636
MCCP01v2_0900,294,268636,268930
MCCP01v2_0901,278,268930,269208
MCCP01v2_0902,452,269208,269660
MCCP01v2_0903,235,269660,269895
MCCP01v2_0904,624,269895,270519
MCCP01v2_0905,300,270519,270819
MCCP01v2_0906,201,270819,271020
MCCP01v2_0907,40,271020,271060
MCCP01v2_0908,216,271060,271276
MCCP01v2_0909,450,271276,271726
MCCP01v2_0910,589,271726,272315
MCCP01v2_0911,237,272315,272552
MCCP01v2_0912,365,272552,272917
MCCP01v2_0913,67,272917,272984
MCCP01v2_0914,58,272984,273042
MCCP01v2_0915,61,273042,273103
MCCP01v2_0916,124,273103,273227
MCCP01v2_0917,207,273227,273434
MCCP01v2_0918,526,273434,273960
MCCP01v2_0919,228,273960,274188
MCCP01v2_0920,516,274188,274704
MCCP01v2_0921,370,274704,275074
MCCP01v2_0922,176,275074,275250
MCCP01v2_0923,143,275250,275393
MCCP01v2_0924,116,275393,275509
MCCP01v2_0925,119,275509,275628
MCCP01v2_0926,69,275628,275697
MCCP01v2_0927,134,275697,275831
MCCP01v2_0928,476,275831,276307
MCCP01v2_0929,179,276307,276486
MCCP01v2_0930,150,276486,276636
MCCP01v2_0931,327,276636,276963
MCCP01v2_0932,82,276963,277045
MCCP01v2_0933,453,277045,277498
MCCP01v2_0934,75,277498,277573
MCCP01v2_0935,320,277573,277893
MCCP01v2_0936,379,277893,278272
MCCP01v2_0937,280,278272,278552
MCCP01v2_0938,455,278552,279007
MCCP01v2_0939,454,279007,279461
MCCP01v2_0940,89,279461,279550
MCCP01v2_0941,162,279550,279712
MCCP01v2_0942,296,279712,280008
MCCP01v2_0943,412,280008,280420
MCCP01v2_0944,610,280420,281030
MCCP01v2_0945,48,281030,281078
,40,281078,281118
,40,281118,281158
,40,281158,281198
MCCP01v2_0949,281,281198,281479
MCCP01v2_0950,103,281479,281582
MCCP01v2_0951,501,281582,282083
MCCP01v2_0952,325,282083,282408
MCCP01v2_0953,105,282408,282513
MCCP01v2_0954,423,282513,282936
MCCP01v2_0955,276,282936,283212
,40,283212,283252
MCCP01v2_0957,195,283252,283447
MCCP01v2_0958,97,283447,283544
MCCP01v2_0959,134,283544,283678
MCCP01v2_0960,166,283678,283844
MCCP01v2_0961,86,283844,283930
MCCP01v2_0962,102,283930,284032
MCCP01v2_0963,268,284032,284300
MCCP01v2_0964,581,284300,284881
MCCP01v2_0965,150,284881,285031
MCCP01v2_0966,697,285031,285728
,40,285728,285768
MCCP01v2_0968,302,285768,286070
MCCP01v2_0969,150,286070,286220
MCCP01v2_0970,218,286220,286438
MCCP01v2_0971,327,286438,286765
MCCP01v2_0972,94,286765,286859
MCCP01v2_0973,51,286859,286910
MCCP01v2_0974,114,286910,287024
MCCP01v2_0975,312,287024,287336
MCCP01v2_0976,648,287336,287984
MCCP01v2_0977,192,287984,288176
MCCP01v2_0978,196,288176,288372
MCCP01v2_0979,630,288372,289002
MCCP01v2_0980,523,289002,289525
MCCP01v2_0981,448,289525,289973
MCCP01v2_0982,167,289973,290140
MCCP01v2_0983,204,290140,290344
MCCP01v2_0984,90,290344,290434
MCCP01v2_0985,256,290434,290690
MCCP01v2_0986,108,290690,290798
MCCP01v2_0987,374,290798,291172
MCCP01v2_0988,69,291172,291241
MCCP01v2_0989,261,291241,291502
MCCP01v2_0990,54,291502,291556
MCCP01v2_0991,173,291556,291729
MCCP01v2_0992,84,291729,291813
MCCP01v2_0993,246,291813,292059
MCCP01v2_0994,129,292059,292188
MCCP01v2_0995,118,292188,292306
MCCP01v2_0996,160,292306,292466
MCCP01v2_0997,239,292466,292705
MCCP01v2_0998,60,292705,292765
MCCP01v2_0999,88,292765,292853
MCCP01v2_1000,397,292853,293250
MCCP01v2_1001,110,293250,293360
MCCP01v2_1002,45,293360,293405
